-1.23849e+58 8.54777e+56 -1.79818e+55 1.59595e+53 -6.29558e+50 9.10604e+47 
3.14869e+44 -2.17315e+43 4.57162e+41 -4.05749e+39 1.60057e+37 -2.31508e+34 
-8.0051e+30 5.52494e+29 -1.16227e+28 1.03156e+26 -4.06922e+23 5.88579e+20 
2.03519e+17 -1.40464e+16 2.95492e+14 -2.6226e+12 1.03454e+10 -1.49638e+07 
-4831.32 356.936 -7.52782 0.0669537 -0.000264737 3.83725e-07 
346.26 -0.219935 -0.0132731 0.000251619 -1.60058e-06 3.10895e-09 
351.308 -0.383125 -0.00962818 0.000217003 -1.46007e-06 2.9046e-09 
355.573 -0.469761 -0.00747807 0.000192668 -1.34669e-06 2.72077e-09 
361.81 -0.598573 -0.0063913 0.00019214 -1.37206e-06 2.78835e-09 
364.761 -0.433442 -0.0115317 0.00024417 -1.59218e-06 3.12072e-09 
369.061 -0.531183 -0.0104653 0.000239744 -1.58959e-06 3.13424e-09 
374.384 -0.801746 -0.00616231 0.000211004 -1.50275e-06 3.03546e-09 
377.186 -0.766848 -0.00816205 0.000233558 -1.59976e-06 3.17896e-09 
379.479 -0.807861 -0.00773875 0.000232527 -1.60392e-06 3.19347e-09 
380.894 -0.663395 -0.0128089 0.000288326 -1.84943e-06 3.56926e-09 
387.843 -0.835695 -0.0111673 0.000285441 -1.87292e-06 3.64206e-09 
390.716 -0.720178 -0.0156772 0.000337456 -2.11249e-06 4.02493e-09 
395.838 -0.74282 -0.0163143 0.000348307 -2.17172e-06 4.12959e-09 
406.424 -0.947775 -0.0148226 0.000348789 -2.21003e-06 4.22183e-09 
415.196 -1.11275 -0.0126911 0.000333781 -2.15945e-06 4.15622e-09 
420.124 -0.849347 -0.0212314 0.000425648 -2.56886e-06 4.79852e-09 
429.039 -0.868682 -0.023948 0.000466631 -2.78061e-06 5.16004e-09 
435.638 -0.716032 -0.0300336 0.000534597 -3.08654e-06 5.64031e-09 
444.337 -0.688269 -0.0331812 0.000577745 -3.30647e-06 6.01575e-09 
455.928 -0.74644 -0.0361051 0.00062557 -3.55649e-06 6.44118e-09 
469.272 -1.0393 -0.0323093 0.000604993 -3.51644e-06 6.42809e-09 
481.902 -0.967826 -0.0387109 0.00068584 -3.89942e-06 7.04551e-09 
491.117 -0.816269 -0.0453076 0.000760463 -4.23616e-06 7.57246e-09 
503.048 -0.662285 -0.0531033 0.000851071 -4.64964e-06 8.22436e-09 
511.2 -0.271358 -0.0664474 0.000993643 -5.27209e-06 9.17898e-09 
522.086 -0.183763 -0.071849 0.00105873 -5.57775e-06 9.67238e-09 
533.207 -0.0762048 -0.0752463 0.0010905 -5.71208e-06 9.8798e-09 
543.342 0.121801 -0.0835521 0.00118699 -6.16307e-06 1.06113e-08 
554.531 0.528025 -0.0977307 0.0013447 -6.88556e-06 1.17718e-08 
565.98 0.739937 -0.106581 0.00144626 -7.3529e-06 1.25171e-08 
581.918 0.737204 -0.110741 0.00150265 -7.63317e-06 1.29872e-08 
597.282 0.903422 -0.119241 0.0015983 -8.05974e-06 1.36491e-08 
611.721 1.03196 -0.127552 0.00170343 -8.5668e-06 1.44805e-08 
625.742 1.49965 -0.143933 0.00188 -9.35041e-06 1.57056e-08 
637.999 1.92578 -0.156579 0.00200516 -9.87601e-06 1.64933e-08 
655.35 2.09831 -0.166735 0.00212576 -1.04318e-05 1.73759e-08 
676.089 1.97368 -0.169558 0.00217479 -1.06902e-05 1.78167e-08 
688.922 2.5587 -0.187979 0.00237018 -1.15563e-05 1.9173e-08 
712.369 2.47642 -0.190841 0.00241 -1.17464e-05 1.94762e-08 
730.845 2.65473 -0.198883 0.00249858 -1.21458e-05 2.01071e-08 
743.267 3.36408 -0.219453 0.00270442 -1.30172e-05 2.14222e-08 
759.832 3.85741 -0.235748 0.0028752 -1.3768e-05 2.25946e-08 
778.377 4.25441 -0.249022 0.00300984 -1.43395e-05 2.34555e-08 
790.863 4.97747 -0.26636 0.00316147 -1.4924e-05 2.42791e-08 
813.782 4.77601 -0.265191 0.00316597 -1.49941e-05 2.44405e-08 
842.882 4.66023 -0.268544 0.00322094 -1.52865e-05 2.49448e-08 
868.601 4.74984 -0.275507 0.00329973 -1.56436e-05 2.5509e-08 
877.734 6.05661 -0.307435 0.00359786 -1.68617e-05 2.73119e-08 
895.26 7.15977 -0.337011 0.00387857 -1.80088e-05 2.90024e-08 
915.218 7.72361 -0.353292 0.00403824 -1.86859e-05 3.00342e-08 
940.255 7.97563 -0.363006 0.00414523 -1.91842e-05 3.08477e-08 
971.326 8.05754 -0.373778 0.00428137 -1.9827e-05 3.18775e-08 
986.417 9.02068 -0.397309 0.00449633 -2.06908e-05 3.31375e-08 
1006.27 9.50058 -0.41207 0.00465187 -2.139e-05 3.42485e-08 
1037.17 9.83437 -0.426548 0.00481216 -2.21217e-05 3.54216e-08 
1063.52 10.2442 -0.439294 0.00494089 -2.26861e-05 3.63041e-08 
1078.79 10.9945 -0.457264 0.00510951 -2.33957e-05 3.73872e-08 
1115.93 10.5637 -0.452582 0.00508452 -2.33542e-05 3.73926e-08 
1148.45 10.3905 -0.45325 0.00511223 -2.35469e-05 3.77741e-08 
1182.9 10.1019 -0.4536 0.00516074 -2.39078e-05 3.85044e-08 
1209.17 10.6015 -0.468918 0.005313 -2.45609e-05 3.95061e-08 
1234.29 10.9514 -0.477675 0.00539798 -2.49475e-05 4.01379e-08 
1275.05 10.6168 -0.481794 0.00550309 -2.55825e-05 4.13053e-08 
1302.21 11.162 -0.499512 0.00569564 -2.64753e-05 4.27659e-08 
1325.42 11.4587 -0.501463 0.00567797 -2.63246e-05 4.24686e-08 
1348.68 12.1538 -0.522716 0.00590338 -2.73307e-05 4.40452e-08 
1372.12 13.1108 -0.547001 0.00613808 -2.83359e-05 4.55973e-08 
1408.63 13.4728 -0.565661 0.00637178 -2.94888e-05 4.75371e-08 
1429.34 14.3022 -0.584254 0.00653642 -3.01606e-05 4.85467e-08 
1449.37 15.8141 -0.619935 0.00686543 -3.15146e-05 5.05761e-08 
1463.1 16.8561 -0.645023 0.00711739 -3.26357e-05 5.23556e-08 
1492.18 17.276 -0.656197 0.00722786 -3.31332e-05 5.31562e-08 
1549.25 16.4923 -0.646415 0.00717859 -3.30862e-05 5.32725e-08 
1566.93 17.3194 -0.6673 0.00739234 -3.40522e-05 5.4825e-08 
1586.75 18.8398 -0.698892 0.00765862 -3.50879e-05 5.63199e-08 
1626.69 18.8773 -0.704109 0.00772489 -3.54377e-05 5.69428e-08 
1666.5 18.4318 -0.694833 0.0076587 -3.52985e-05 5.69256e-08 
1686.89 19.446 -0.716797 0.0078572 -3.61206e-05 5.81619e-08 
1713.47 19.655 -0.718177 0.00786134 -3.61793e-05 5.83379e-08 
1755.05 19.5325 -0.714214 0.00782507 -3.61077e-05 5.83673e-08 
1766.77 21.7055 -0.763453 0.00826943 -3.78997e-05 6.10108e-08 
1786 22.9328 -0.789581 0.00851095 -3.89443e-05 6.26651e-08 
1809.12 23.2204 -0.789625 0.0084935 -3.8903e-05 6.26844e-08 
1852.43 22.9929 -0.789985 0.00852999 -3.91792e-05 6.32419e-08 
1898.21 21.7166 -0.757918 0.00823663 -3.80918e-05 6.18128e-08 
1918.08 22.9113 -0.7866 0.00853355 -3.94683e-05 6.40819e-08 
1952.32 22.9568 -0.784785 0.00850122 -3.93345e-05 6.38984e-08 
1977.88 23.4154 -0.791266 0.00855776 -3.96353e-05 6.44686e-08 
2007.01 23.445 -0.789653 0.00855151 -3.9717e-05 6.47546e-08 
2012.02 24.9367 -0.818341 0.00880756 -4.08013e-05 6.64449e-08 
2049.82 24.2518 -0.794225 0.00855153 -3.97584e-05 6.49609e-08 
2072.81 24.2799 -0.786899 0.0084613 -3.94167e-05 6.45376e-08 
2101.34 24.1643 -0.782597 0.00844126 -3.94882e-05 6.48708e-08 
2139.8 23.1182 -0.762372 0.00831 -3.91937e-05 6.4727e-08 
2127.04 25.4746 -0.799806 0.00858553 -4.01991e-05 6.6146e-08 
2126.59 27.8237 -0.843878 0.00896081 -4.17174e-05 6.84367e-08 
2154.55 28.5025 -0.855328 0.00904983 -4.20948e-05 6.90528e-08 
2208.95 25.8161 -0.792456 0.00850018 -4.00876e-05 6.64269e-08 
2250.47 23.8659 -0.734122 0.00792623 -3.77963e-05 6.31624e-08 
2255.73 23.5601 -0.709906 0.00765227 -3.66687e-05 6.15558e-08 
2312.24 19.5786 -0.611527 0.00676453 -3.32859e-05 5.68877e-08 
2342.16 22.3419 -0.692517 0.00759774 -3.68983e-05 6.24593e-08 
2344.08 25.0569 -0.755342 0.00820997 -3.95419e-05 6.65667e-08 
2352.05 26.2973 -0.776294 0.00839191 -4.03343e-05 6.78418e-08 
2383.84 25.9407 -0.762789 0.00826625 -3.99322e-05 6.74389e-08 
2391.71 26.4514 -0.762582 0.00824177 -3.99008e-05 6.75546e-08 
2417.34 27.0002 -0.761312 0.00815856 -3.94513e-05 6.68374e-08 
2428.37 28.2483 -0.790109 0.00846185 -4.08705e-05 6.9177e-08 
2450.86 27.8872 -0.771582 0.00829049 -4.03347e-05 6.86603e-08 
2480.68 27.1733 -0.743986 0.0080151 -3.93029e-05 6.73242e-08 
2512.31 26.4037 -0.717625 0.00776007 -3.83784e-05 6.61855e-08 
2523.97 26.1203 -0.693053 0.00746217 -3.70885e-05 6.42785e-08 
2540.97 26.7705 -0.70917 0.00766213 -3.81314e-05 6.60992e-08 
2550.19 29.4709 -0.774907 0.00829059 -4.075e-05 7.00279e-08 
2584.02 27.9105 -0.742137 0.00809443 -4.04609e-05 7.02853e-08 
2587.01 28.8034 -0.765531 0.0084234 -4.23063e-05 7.36796e-08 
2633.48 26.4687 -0.702869 0.00780804 -3.97892e-05 6.99913e-08 
2659.24 26.9785 -0.70412 0.00776353 -3.95188e-05 6.95433e-08 
2709.94 24.5206 -0.646376 0.00726398 -3.77362e-05 6.7288e-08 
2721.74 25.2104 -0.64928 0.00725338 -3.77053e-05 6.73317e-08 
2764.94 23.8789 -0.619466 0.00702406 -3.70231e-05 6.66616e-08 
2748.58 27.7771 -0.705374 0.00783222 -4.04342e-05 7.19004e-08 
2740.5 29.9031 -0.743722 0.00816356 -4.18032e-05 7.3995e-08 
2787.7 26.716 -0.666514 0.00751046 -3.95414e-05 7.12271e-08 
2860.4 23.3725 -0.579338 0.00666958 -3.61782e-05 6.6426e-08 
2849.24 26.0983 -0.640154 0.00726012 -3.87261e-05 7.03792e-08 
2854.39 26.9423 -0.657568 0.00742755 -3.94577e-05 7.15201e-08 
2893.69 26.7726 -0.663141 0.00757117 -4.03829e-05 7.32859e-08 
2893.8 28.3964 -0.685533 0.00771046 -4.08262e-05 7.38453e-08 
2888.99 30.1632 -0.72097 0.00804286 -4.22841e-05 7.61843e-08 
2929.32 29.0628 -0.697297 0.0078685 -4.17887e-05 7.57164e-08 
2976.06 27.8696 -0.675679 0.00769512 -4.11837e-05 7.49448e-08 
3011.22 26.9401 -0.65584 0.00759641 -4.12185e-05 7.5603e-08 
3025.18 26.8335 -0.623812 0.00712963 -3.89181e-05 7.18238e-08 
3043.74 26.4335 -0.590613 0.00669256 -3.68823e-05 6.86274e-08 
3075.28 25.5785 -0.561513 0.0063774 -3.55343e-05 6.65978e-08 
3113.14 23.6534 -0.510089 0.0058957 -3.3688e-05 6.40811e-08 
3145.54 22.5234 -0.480409 0.00564167 -3.28379e-05 6.31035e-08 
3144.81 20.8647 -0.419568 0.00505325 -3.06033e-05 6.01085e-08 
3151.22 18.5325 -0.340995 0.004253 -2.72922e-05 5.52192e-08 
3157.79 18.198 -0.322523 0.00409351 -2.68576e-05 5.49334e-08 
3155.51 20.5095 -0.38208 0.00475897 -3.00344e-05 6.02258e-08 
3193.95 18.819 -0.350523 0.00457064 -2.96913e-05 6.02438e-08 
3208.55 18.3884 -0.315353 0.00410831 -2.75201e-05 5.67942e-08 
3265.89 15.2866 -0.241614 0.0034603 -2.51444e-05 5.36759e-08 
3282.52 13.7082 -0.206306 0.00320859 -2.4471e-05 5.31392e-08 
3285.43 13.983 -0.199128 0.00311203 -2.41154e-05 5.27282e-08 
3300.9 14.4928 -0.205527 0.00317207 -2.44664e-05 5.34382e-08 
3287.73 16.2037 -0.237858 0.00350791 -2.60909e-05 5.62123e-08 
3309.71 15.2162 -0.223572 0.00353454 -2.68747e-05 5.82488e-08 
3250.43 19.6972 -0.312408 0.00432229 -3.00621e-05 6.30009e-08 
3301.3 16.3185 -0.216745 0.00335306 -2.6003e-05 5.6955e-08 
3319.24 15.943 -0.21248 0.00337448 -2.63232e-05 5.76984e-08 
3340.7 13.0569 -0.143871 0.00284633 -2.47292e-05 5.61042e-08 
3348.74 14.1627 -0.166484 0.00307467 -2.58117e-05 5.7941e-08 
3335.08 15.6086 -0.20044 0.00338665 -2.70332e-05 5.96525e-08 
3332.77 16.0423 -0.206265 0.00345986 -2.74776e-05 6.05253e-08 
3380.6 14.1543 -0.173822 0.00324873 -2.69324e-05 6.00811e-08 
3387.7 14.6716 -0.201778 0.00366209 -2.91273e-05 6.39041e-08 
3374.87 15.3206 -0.207527 0.0037165 -2.94373e-05 6.44879e-08 
3388.45 14.6171 -0.177466 0.0033539 -2.77341e-05 6.17101e-08 
3401 12.9614 -0.129086 0.00290537 -2.60573e-05 5.94947e-08 
3441.75 8.14602 -0.00464462 0.00175633 -2.16064e-05 5.32999e-08 
3456.99 6.64327 0.0355534 0.00138453 -2.01853e-05 5.13616e-08 
3424.5 9.93154 -0.038189 0.0020492 -2.27989e-05 5.50943e-08 
3417.86 11.8851 -0.0595081 0.00208931 -2.25476e-05 5.43157e-08 
3424.57 13.068 -0.0889242 0.00241274 -2.40942e-05 5.69053e-08 
3460.23 11.116 -0.0556162 0.00223108 -2.3827e-05 5.70792e-08 
3454.83 11.136 -0.0465837 0.00219613 -2.40861e-05 5.81089e-08 
3495.23 8.76758 -0.01156 0.00201613 -2.3871e-05 5.84649e-08 
3485.63 10.2434 -0.0468105 0.00240567 -2.57227e-05 6.15326e-08 
3494.3 7.2022 0.032304 0.00170562 -2.31414e-05 5.81149e-08 
3523.28 3.48696 0.136152 0.000721097 -1.92695e-05 5.26492e-08 
3534.84 0.683986 0.20793 7.68653e-05 -1.67572e-05 4.90079e-08 
3525.07 0.929017 0.201725 0.000217392 -1.77381e-05 5.10392e-08 
3490.31 3.35933 0.153643 0.000709078 -2.004e-05 5.48805e-08 
3481.14 4.22901 0.130575 0.000963489 -2.12149e-05 5.67765e-08 
3501.73 0.368172 0.235336 -2.93682e-05 -1.72921e-05 5.12297e-08 
3528.2 -1.16523 0.259011 -0.000200724 -1.66727e-05 5.03407e-08 
3509.52 1.08879 0.206459 0.00028301 -1.8605e-05 5.31364e-08 
3488.33 3.40082 0.143429 0.000960626 -2.16601e-05 5.79877e-08 
3502.59 1.51415 0.198463 0.000420781 -1.94852e-05 5.48703e-08 
3491.49 2.31143 0.189398 0.000470996 -1.96392e-05 5.5069e-08 
3516.04 -0.136096 0.247074 -3.78914e-05 -1.7723e-05 5.24557e-08 
3496.56 0.0782625 0.235342 0.000149685 -1.87266e-05 5.41883e-08 
3517.17 -2.06244 0.25341 0.000216338 -1.97076e-05 5.64275e-08 
3545.43 -5.84332 0.367279 -0.000995547 -1.4409e-05 4.8263e-08 
3513.09 -5.72356 0.372236 -0.00102208 -1.44376e-05 4.84884e-08 
3557.86 -9.61193 0.434429 -0.00137233 -1.37243e-05 4.82119e-08 
3542.28 -10.2004 0.445736 -0.0013686 -1.42143e-05 4.95659e-08 
3511.11 -8.90863 0.408006 -0.000969039 -1.59092e-05 5.20699e-08 
3470.82 -6.79215 0.368912 -0.000609079 -1.74197e-05 5.43534e-08 
3454.6 -8.84273 0.435006 -0.00130115 -1.44323e-05 4.97822e-08 
3518.06 -14.3265 0.540946 -0.00211669 -1.16859e-05 4.64071e-08 
3511.03 -15.3352 0.552363 -0.00205493 -1.25388e-05 4.8372e-08 
3498.42 -16.0738 0.547062 -0.00181899 -1.40554e-05 5.12124e-08 
3462.8 -14.1783 0.479993 -0.000976637 -1.81668e-05 5.80381e-08 
3507.1 -18.0238 0.558051 -0.001638 -1.56643e-05 5.45518e-08 
3510.99 -18.8461 0.5627 -0.0015725 -1.62304e-05 5.5678e-08 
3404.92 -12.753 0.453697 -0.000767434 -1.88275e-05 5.8705e-08 
3346.38 -9.69684 0.403685 -0.000477338 -1.93825e-05 5.87539e-08 
3335.51 -9.64822 0.393811 -0.000337762 -2.00724e-05 5.99171e-08 
3330.9 -9.74446 0.389684 -0.000230544 -2.07252e-05 6.11069e-08 
3307.32 -8.79262 0.376512 -0.000211839 -2.04051e-05 6.01451e-08 
3301.87 -9.52887 0.399709 -0.00051329 -1.8838e-05 5.74021e-08 
3292.76 -10.7055 0.417658 -0.000561818 -1.90178e-05 5.80591e-08 
3251.27 -10.0665 0.400979 -0.000341601 -2.01423e-05 5.99836e-08 
3214.3 -9.3275 0.392197 -0.000280486 -2.03699e-05 6.03284e-08 
3197.31 -8.78498 0.382751 -0.000268739 -2.00788e-05 5.94553e-08 
3202.4 -11.1393 0.440259 -0.000786572 -1.80873e-05 5.66923e-08 
3203.01 -11.3342 0.415512 -0.000358922 -2.0367e-05 6.06105e-08 
3178.16 -10.2441 0.373705 0.000150311 -2.27478e-05 6.44124e-08 
3178.77 -11.6895 0.387156 0.000125988 -2.28122e-05 6.45656e-08 
3113.55 -8.30556 0.314754 0.000759157 -2.5222e-05 6.79117e-08 
3111.04 -9.92753 0.346574 0.000519556 -2.44114e-05 6.68838e-08 
3108.19 -9.69638 0.326173 0.000780665 -2.56234e-05 6.8811e-08 
3091.98 -9.78814 0.330757 0.00074266 -2.55054e-05 6.86963e-08 
3033.71 -8.16156 0.298104 0.000991911 -2.62547e-05 6.9436e-08 
2965.43 -5.14522 0.244281 0.00137379 -2.73544e-05 7.04595e-08 
2929.23 -5.64039 0.250665 0.00137894 -2.75812e-05 7.10476e-08 
2895.93 -5.5217 0.241506 0.0015792 -2.88106e-05 7.33596e-08 
2871.38 -4.51647 0.200871 0.00205521 -3.0941e-05 7.66371e-08 
2834.45 -3.921 0.170568 0.00243416 -3.26454e-05 7.92163e-08 
2799.09 -1.78479 0.103127 0.00317646 -3.59165e-05 8.42358e-08 
2813.23 -4.39597 0.161977 0.00261735 -3.35529e-05 8.06084e-08 
2799.59 -6.08014 0.217539 0.00198818 -3.06614e-05 7.59936e-08 
2767.49 -7.18814 0.260843 0.00150978 -2.85328e-05 7.26748e-08 
2717.62 -6.03416 0.240049 0.00168836 -2.92203e-05 7.36564e-08 
2700.25 -4.51098 0.192135 0.00216732 -3.11757e-05 7.65153e-08 
2682.49 -4.99275 0.207883 0.00195903 -3.00531e-05 7.44857e-08 
2628.25 -2.30946 0.133572 0.00270023 -3.30518e-05 7.87436e-08 
2621.64 -3.16197 0.145682 0.00259603 -3.25659e-05 7.7918e-08 
2647.42 -7.05715 0.214723 0.00209966 -3.09565e-05 7.59784e-08 
2626.19 -8.16063 0.228462 0.00204988 -3.09123e-05 7.60222e-08 
2596.3 -7.75916 0.219102 0.00210747 -3.09496e-05 7.57726e-08 
2578.2 -7.97492 0.216299 0.00214952 -3.10667e-05 7.5821e-08 
2567.79 -9.4777 0.252545 0.00181139 -2.9679e-05 7.37533e-08 
2552.81 -10.2555 0.271218 0.00161603 -2.87545e-05 7.21981e-08 
2523.67 -10.1511 0.285975 0.00133227 -2.70996e-05 6.91686e-08 
2487.9 -9.88935 0.288499 0.00121762 -2.62367e-05 6.73495e-08 
2470.16 -10.7784 0.307351 0.0010134 -2.52002e-05 6.55056e-08 
2447.13 -10.1875 0.290821 0.00110262 -2.52086e-05 6.50392e-08 
2407.66 -7.89815 0.217145 0.00190597 -2.87188e-05 7.04023e-08 
2329.41 -3.28933 0.114403 0.00278637 -3.192e-05 7.45966e-08 
2301.91 -1.85943 0.0706413 0.00318871 -3.335e-05 7.63391e-08 
2326.71 -5.5473 0.142062 0.00263212 -3.1407e-05 7.3821e-08 
2325.53 -7.21897 0.171059 0.00240093 -3.0501e-05 7.24689e-08 
2283.04 -4.81369 0.0931766 0.0032796 -3.44615e-05 7.8672e-08 
2269.47 -5.01031 0.0863425 0.00340094 -3.50555e-05 7.96092e-08 
2233.02 -4.31097 0.0569085 0.00375069 -3.66072e-05 8.19641e-08 
2213.09 -4.54366 0.0614463 0.00370617 -3.63741e-05 8.15343e-08 
2192.32 -4.65847 0.0695346 0.00353147 -3.52488e-05 7.93571e-08 
2132.52 -1.85006 0.00222701 0.00412367 -3.74011e-05 8.21401e-08 
2117.88 -2.64564 0.00974272 0.00410241 -3.73595e-05 8.20508e-08 
2102.46 -2.83971 0.00567129 0.00418372 -3.77876e-05 8.27937e-08 
2050.63 -0.362744 -0.0492911 0.00463884 -3.93428e-05 8.46652e-08 
2019.29 -0.0916052 -0.0421152 0.0044183 -3.78544e-05 8.17353e-08 
1966.03 1.8047 -0.0732674 0.00457199 -3.79412e-05 8.11792e-08 
1968.37 0.544685 -0.0513583 0.00438502 -3.7175e-05 8.00258e-08 
1978.84 -1.16973 -0.028485 0.00426113 -3.68711e-05 7.97579e-08 
1952.43 -1.54644 -0.0126347 0.00400035 -3.53148e-05 7.68045e-08 
1927.14 -0.926826 -0.0334523 0.00420833 -3.61075e-05 7.78473e-08 
1886.95 1.02406 -0.0741293 0.00449715 -3.69061e-05 7.85644e-08 
1854.48 1.24692 -0.0746814 0.00444575 -3.64478e-05 7.75623e-08 
1848.37 0.854765 -0.0631346 0.00424665 -3.52285e-05 7.52323e-08 
1816.72 0.719351 -0.0558824 0.00413783 -3.46113e-05 7.41067e-08 
1774.43 3.54719 -0.132912 0.00488027 -3.75504e-05 7.82351e-08 
1752.12 4.57212 -0.169476 0.00525435 -3.90532e-05 8.03645e-08 
1732.77 4.30597 -0.168368 0.00527729 -3.92192e-05 8.06814e-08 
1702.45 4.4508 -0.171657 0.00529466 -3.91887e-05 8.04851e-08 
1687.63 4.80887 -0.180247 0.00528987 -3.87582e-05 7.93075e-08 
1664.97 4.5231 -0.170586 0.00515348 -3.79849e-05 7.78699e-08 
1618.5 5.45771 -0.187164 0.00528023 -3.839e-05 7.83319e-08 
1608.02 4.77951 -0.177314 0.00519515 -3.79837e-05 7.76214e-08 
1553.46 8.17412 -0.262478 0.00600443 -4.12365e-05 8.23268e-08 
1539.5 7.58586 -0.254384 0.00593005 -4.08426e-05 8.15862e-08 
1511.68 8.87944 -0.298117 0.00637241 -4.25792e-05 8.39499e-08 
1484.54 9.35128 -0.309661 0.00646121 -4.28136e-05 8.41112e-08 
1441.68 11.1442 -0.342846 0.00666164 -4.31972e-05 8.4145e-08 
1420.31 11.7749 -0.363311 0.00684442 -4.38078e-05 8.48327e-08 
1423.2 10.271 -0.331033 0.00651055 -4.22478e-05 8.22453e-08 
1410.2 9.46888 -0.313689 0.0063173 -4.12965e-05 8.0641e-08 
1388.24 9.09857 -0.296841 0.00605167 -3.97625e-05 7.77855e-08 
1385.4 8.36281 -0.281756 0.00585813 -3.86886e-05 7.58067e-08 
1371.6 7.40584 -0.256084 0.00556933 -3.73085e-05 7.35201e-08 
1371.99 6.23919 -0.226227 0.00521392 -3.55294e-05 7.04722e-08 
1367.21 5.05497 -0.203786 0.00500586 -3.46069e-05 6.89803e-08 
1336.14 6.75871 -0.247861 0.00539885 -3.60319e-05 7.08076e-08 
1320.92 5.80284 -0.2161 0.0050311 -3.42918e-05 6.7954e-08 
1305.93 5.51068 -0.211571 0.0049695 -3.39107e-05 6.72144e-08 
1283.16 6.04272 -0.221397 0.0050187 -3.3928e-05 6.70119e-08 
1272.89 5.4807 -0.210136 0.00487795 -3.31413e-05 6.55468e-08 
1238.09 6.06463 -0.213552 0.00481385 -3.25331e-05 6.42418e-08 
1220.87 5.94086 -0.213731 0.00481637 -3.2488e-05 6.40816e-08 
1219.76 4.75668 -0.189659 0.00458786 -3.14848e-05 6.24854e-08 
1211.08 4.30329 -0.187167 0.00460678 -3.16433e-05 6.27838e-08 
1188.07 5.6923 -0.228793 0.00499991 -3.31297e-05 6.47722e-08 
1157.56 7.37697 -0.272806 0.00540111 -3.46371e-05 6.68005e-08 
1150.61 6.60284 -0.255757 0.00523542 -3.39164e-05 6.5683e-08 
1144.41 6.27309 -0.252857 0.00518466 -3.35365e-05 6.48793e-08 
1130.98 6.47721 -0.262919 0.00527464 -3.38003e-05 6.50994e-08 
1125.65 5.34883 -0.232513 0.00495275 -3.23535e-05 6.28083e-08 
1105.14 5.99949 -0.252241 0.00512543 -3.29273e-05 6.34582e-08 
1096.9 5.85855 -0.250075 0.00508166 -3.26229e-05 6.28468e-08 
1084.23 5.54015 -0.242084 0.00497815 -3.20635e-05 6.18468e-08 
1063.01 6.37887 -0.264596 0.00516553 -3.26666e-05 6.2508e-08 
1057.61 6.12094 -0.263017 0.00513256 -3.23829e-05 6.18695e-08 
1048.55 5.73357 -0.258927 0.00509817 -3.21895e-05 6.14927e-08 
1039 5.00743 -0.24113 0.0048992 -3.12199e-05 5.98521e-08 
1029.87 4.17962 -0.213369 0.00454178 -2.93987e-05 5.67251e-08 
1031.73 2.97215 -0.186904 0.00427 -2.81563e-05 5.47157e-08 
1021.44 2.87608 -0.185958 0.00423905 -2.79122e-05 5.42103e-08 
1015.85 2.13921 -0.170026 0.00407511 -2.71536e-05 5.29726e-08 
997.92 2.51369 -0.178507 0.00409982 -2.6976e-05 5.23279e-08 
986.152 2.91908 -0.187358 0.0041359 -2.68965e-05 5.19041e-08 
969.61 3.57366 -0.207225 0.00430771 -2.74606e-05 5.25323e-08 
955.692 3.95174 -0.218701 0.00440209 -2.77435e-05 5.28056e-08 
939.43 4.14979 -0.215195 0.0042747 -2.68731e-05 5.11002e-08 
927.473 3.95756 -0.204102 0.00408887 -2.58044e-05 4.91458e-08 
913.398 3.78297 -0.189379 0.00385827 -2.45574e-05 4.69607e-08 
901.333 3.18574 -0.166319 0.00355551 -2.30146e-05 4.4318e-08 
886.573 3.75968 -0.182255 0.00368837 -2.34426e-05 4.47928e-08 
862.15 4.67111 -0.196189 0.00373478 -2.3322e-05 4.42493e-08 
855.296 4.67752 -0.202028 0.00379058 -2.34657e-05 4.43082e-08 
839.461 5.10563 -0.213546 0.00386785 -2.35955e-05 4.42322e-08 
811.698 6.19694 -0.23471 0.00402834 -2.41144e-05 4.48445e-08 
800.318 5.89471 -0.224679 0.00390882 -2.35359e-05 4.38885e-08 
781.814 6.46151 -0.23502 0.00397017 -2.36439e-05 4.38742e-08 
773.79 6.64256 -0.246794 0.00410886 -2.42436e-05 4.47703e-08 
764.432 6.55188 -0.242747 0.00403187 -2.3765e-05 4.38593e-08 
748.52 7.37134 -0.263561 0.00419814 -2.42716e-05 4.4361e-08 
735.214 7.45579 -0.262592 0.00414099 -2.38407e-05 4.34803e-08 
724.413 7.75688 -0.274148 0.00425788 -2.42939e-05 4.4097e-08 
714.396 8.02565 -0.281118 0.00430206 -2.43577e-05 4.40315e-08 
695.227 8.72973 -0.291191 0.00433226 -2.42503e-05 4.36003e-08 
691.533 8.50989 -0.288259 0.00428915 -2.397e-05 4.30402e-08 
688.313 8.13437 -0.279607 0.00418791 -2.3453e-05 4.21346e-08 
687.584 7.55015 -0.268268 0.0040778 -2.29564e-05 4.13335e-08 
678.902 7.62335 -0.270277 0.00409728 -2.30326e-05 4.14458e-08 
661.221 8.27377 -0.283835 0.0041934 -2.32943e-05 4.16748e-08 
652.606 8.02357 -0.275382 0.00408096 -2.2702e-05 4.06343e-08 
646.83 7.79013 -0.268138 0.0039845 -2.21985e-05 3.97648e-08 
644.622 7.38221 -0.261021 0.00392476 -2.19581e-05 3.94109e-08 
636.886 7.32667 -0.259001 0.00388905 -2.17449e-05 3.90224e-08 
627.391 7.32326 -0.255738 0.00381781 -2.12976e-05 3.81736e-08 
627.634 6.47382 -0.239372 0.00367487 -2.07159e-05 3.7304e-08 
613.103 6.72865 -0.241112 0.00365576 -2.0525e-05 3.69082e-08 
604.579 6.63372 -0.236969 0.00358554 -2.01073e-05 3.6126e-08 
594.514 6.8831 -0.243635 0.00363321 -2.02176e-05 3.61771e-08 
590.378 6.59388 -0.236522 0.00355307 -1.98302e-05 3.55332e-08 
584.531 6.39262 -0.229985 0.00346883 -1.94105e-05 3.48413e-08 
581.728 5.74257 -0.208249 0.00321152 -1.81947e-05 3.28718e-08 
568.365 6.0281 -0.211664 0.00320289 -1.79972e-05 3.23765e-08 
557.671 6.10829 -0.211727 0.00316848 -1.77045e-05 3.17489e-08 
546.391 6.75147 -0.227062 0.00329883 -1.81698e-05 3.23537e-08 
535.437 7.00303 -0.232789 0.00333755 -1.8257e-05 3.23967e-08 
539.416 6.05705 -0.211226 0.00312621 -1.73437e-05 3.09811e-08 
534.681 5.98175 -0.207894 0.00306662 -1.6988e-05 3.0322e-08 
526.436 5.73853 -0.199491 0.00296533 -1.65025e-05 2.9534e-08 
520.97 5.61747 -0.196975 0.00293428 -1.63355e-05 2.92386e-08 
520.199 5.006 -0.184607 0.00282382 -1.58846e-05 2.85677e-08 
511.107 4.94422 -0.179689 0.00273799 -1.53798e-05 2.76295e-08 
504.812 4.89034 -0.176172 0.00268058 -1.50607e-05 2.70665e-08 
494.655 5.11742 -0.180064 0.0026912 -1.49967e-05 2.68414e-08 
484.674 5.34025 -0.182873 0.00269355 -1.49171e-05 2.66173e-08 
481.537 5.2299 -0.181844 0.0026842 -1.48554e-05 2.64847e-08 
472.762 5.43001 -0.186475 0.00271296 -1.49003e-05 2.64576e-08 
472.007 4.94598 -0.174403 0.00258993 -1.43609e-05 2.56195e-08 
469.629 4.63455 -0.166139 0.00249396 -1.38935e-05 2.4838e-08 
465.066 4.50544 -0.16283 0.00245422 -1.36963e-05 2.45114e-08 
458.605 4.49853 -0.160578 0.0024067 -1.34025e-05 2.39604e-08 
451.944 4.64028 -0.162445 0.00239806 -1.32638e-05 2.36329e-08 
450.741 4.31691 -0.155 0.00232006 -1.29066e-05 2.30593e-08 
446.549 4.18977 -0.148651 0.00222929 -1.24328e-05 2.22456e-08 
437.774 4.2928 -0.147582 0.00218549 -1.21324e-05 2.16578e-08 
433.839 4.2499 -0.146387 0.00216386 -1.19961e-05 2.13965e-08 
431.756 4.27137 -0.149408 0.00219573 -1.2113e-05 2.15446e-08 
427.975 4.4017 -0.154068 0.00223797 -1.22604e-05 2.17268e-08 
420.769 4.66857 -0.160757 0.00229514 -1.24554e-05 2.19596e-08 
418.056 4.72524 -0.162367 0.00230268 -1.24518e-05 2.19159e-08 
411.051 4.83408 -0.16416 0.00231073 -1.24517e-05 2.1881e-08 
411.204 4.57821 -0.159145 0.00226171 -1.22335e-05 2.15363e-08 
409.468 4.26236 -0.150672 0.00216676 -1.17872e-05 2.08096e-08 
403.931 4.30159 -0.150724 0.00215424 -1.16831e-05 2.05926e-08 
400.757 4.39529 -0.155308 0.00220478 -1.18924e-05 2.08937e-08 
396.363 4.30499 -0.152638 0.00216918 -1.16994e-05 2.05472e-08 
393.412 4.25509 -0.150969 0.00214494 -1.15634e-05 2.02998e-08 
388.26 4.22392 -0.149294 0.0021157 -1.13869e-05 1.99663e-08 
380.965 4.33174 -0.149222 0.00209157 -1.12028e-05 1.95901e-08 
380.146 4.26334 -0.148036 0.00207022 -1.1064e-05 1.93181e-08 
378.475 4.18917 -0.147352 0.00206179 -1.10095e-05 1.92117e-08 
377.666 3.88954 -0.138168 0.00195536 -1.05125e-05 1.84161e-08 
374.666 3.68257 -0.131062 0.00186587 -1.00701e-05 1.7679e-08 
371.14 3.50522 -0.12503 0.00179299 -9.72029e-06 1.71082e-08 
365.509 3.62704 -0.126249 0.00178716 -9.63572e-06 1.69153e-08 
362.698 3.38391 -0.118965 0.0017115 -9.31359e-06 1.64364e-08 
361.856 3.10322 -0.111788 0.0016354 -8.97197e-06 1.59007e-08 
358.29 3.09921 -0.111639 0.00162608 -8.89351e-06 1.57301e-08 
354.557 3.16303 -0.113543 0.00164249 -8.94925e-06 1.58004e-08 
350.76 3.13337 -0.111243 0.0016069 -8.75949e-06 1.54749e-08 
347.347 3.15409 -0.110891 0.0015893 -8.63156e-06 1.52201e-08 
343.107 3.10049 -0.107598 0.0015404 -8.37016e-06 1.47629e-08 
338.637 3.1891 -0.109151 0.001546 -8.35528e-06 1.46945e-08 
334.23 3.20767 -0.108519 0.0015287 -8.24219e-06 1.44776e-08 
331.247 3.23362 -0.108262 0.00151076 -8.10728e-06 1.42042e-08 
327.808 3.27015 -0.108428 0.00150258 -8.03822e-06 1.40636e-08 
327.47 3.02664 -0.102132 0.00142834 -7.67245e-06 1.3447e-08 
326.657 2.95633 -0.100956 0.0014137 -7.59181e-06 1.3302e-08 
321.454 3.04637 -0.101425 0.00140605 -7.52261e-06 1.31593e-08 
317.024 3.19122 -0.104514 0.00141983 -7.50861e-06 1.30471e-08 
315.108 3.189 -0.10422 0.00141318 -7.46689e-06 1.29702e-08 
313.646 3.07292 -0.101224 0.00137896 -7.30393e-06 1.27051e-08 
311.223 3.06873 -0.101688 0.00138269 -7.30697e-06 1.26905e-08 
309.055 3.03905 -0.100982 0.00137239 -7.24739e-06 1.25815e-08 
303.787 3.17751 -0.103245 0.00138223 -7.24532e-06 1.253e-08 
299.166 3.38411 -0.10822 0.00142786 -7.42442e-06 1.27868e-08 
300.243 3.10394 -0.101934 0.00136658 -7.16282e-06 1.23887e-08 
299.374 2.91144 -0.0969775 0.00131547 -6.94053e-06 1.205e-08 
297.579 2.97559 -0.0995214 0.00134092 -7.03574e-06 1.21714e-08 
299.964 2.53679 -0.0892868 0.00124342 -6.6334e-06 1.15765e-08 
299.004 2.33343 -0.0840558 0.00118786 -6.3827e-06 1.11806e-08 
295.916 2.36234 -0.083202 0.00116794 -6.26835e-06 1.0983e-08 
294.908 2.27809 -0.0810047 0.00114201 -6.14207e-06 1.07745e-08 
292.472 2.32567 -0.0825966 0.00115776 -6.20356e-06 1.08608e-08 
290.012 2.25692 -0.0796686 0.00111903 -6.00874e-06 1.05333e-08 
288.315 2.15434 -0.077114 0.0010929 -5.89459e-06 1.03593e-08 
286.208 2.15327 -0.0765271 0.00107913 -5.80662e-06 1.01922e-08 
285.913 2.08987 -0.0758463 0.00107383 -5.78202e-06 1.01515e-08 
284.384 2.02929 -0.0737791 0.00104591 -5.6388e-06 9.90997e-09 
281.366 2.07899 -0.0741637 0.00104539 -5.63177e-06 9.90627e-09 
277.829 2.16666 -0.0743946 0.00103146 -5.5239e-06 9.69317e-09 
276.569 2.00572 -0.0699809 0.000986728 -5.33262e-06 9.40334e-09 
272.307 2.12236 -0.0717246 0.000993269 -5.3221e-06 9.34209e-09 
269.68 2.06642 -0.068864 0.00095033 -5.08911e-06 8.93019e-09 
268.468 1.91329 -0.0649315 0.000910333 -4.9129e-06 8.65368e-09 
266.221 1.83653 -0.0621813 0.000876048 -4.74282e-06 8.36722e-09 
263.447 1.89143 -0.0636182 0.000887797 -4.77897e-06 8.40459e-09 
265.174 1.65175 -0.0577353 0.000827827 -4.51982e-06 8.01014e-09 
263.966 1.6407 -0.0576669 0.000824554 -4.49038e-06 7.94389e-09 
261.854 1.73013 -0.0593714 0.000833097 -4.49506e-06 7.91395e-09 
261.362 1.5911 -0.0557308 0.000796978 -4.34329e-06 7.68754e-09 
258.73 1.59055 -0.0548314 0.000780096 -4.24456e-06 7.5074e-09 
255.734 1.78021 -0.0589484 0.000811776 -4.34597e-06 7.62408e-09 
253.149 1.81469 -0.0592246 0.000808345 -4.30812e-06 7.53838e-09 
251.533 1.93198 -0.0632451 0.000849194 -4.47229e-06 7.77033e-09 
251.07 1.86328 -0.0614003 0.000828391 -4.3756e-06 7.61631e-09 
252.715 1.61012 -0.0559899 0.000780098 -4.18453e-06 7.34099e-09 
252.589 1.43783 -0.0519841 0.000742273 -4.0279e-06 7.10731e-09 
250.506 1.54088 -0.0538416 0.000750414 -4.02482e-06 7.0592e-09 
247.984 1.67659 -0.0574007 0.000782927 -4.14666e-06 7.22169e-09 
246.357 1.67141 -0.0572768 0.000781033 -4.13509e-06 7.20047e-09 
245.469 1.60398 -0.0559395 0.000766406 -4.06083e-06 7.06929e-09 
242.208 1.69876 -0.0573838 0.0007736 -4.06968e-06 7.06099e-09 
239.954 1.71634 -0.0570919 0.000767059 -4.03475e-06 7.00527e-09 
239.871 1.61187 -0.0551417 0.000750687 -3.97168e-06 6.91665e-09 
238.186 1.60391 -0.054125 0.000734499 -3.88461e-06 6.76563e-09 
237.843 1.53413 -0.0513243 0.000694982 -3.67612e-06 6.40194e-09 
236.583 1.51258 -0.0507409 0.000686682 -3.62967e-06 6.31804e-09 
234.157 1.5705 -0.0516005 0.000691336 -3.63913e-06 6.32423e-09 
232.957 1.51495 -0.0496358 0.000665152 -3.50457e-06 6.09405e-09 
232.617 1.41547 -0.0471193 0.000637687 -3.37731e-06 5.88863e-09 
229.143 1.50734 -0.048422 0.000645103 -3.39528e-06 5.90535e-09 
229.958 1.29695 -0.0436623 0.000599905 -3.20516e-06 5.61579e-09 
229.484 1.20762 -0.0409566 0.000568126 -3.05399e-06 5.3692e-09 
228.561 1.14808 -0.0388094 0.000539859 -2.90992e-06 5.1233e-09 
226.851 1.17827 -0.0390732 0.000538921 -2.89494e-06 5.08879e-09 
225.233 1.19721 -0.0388506 0.000532582 -2.85762e-06 5.02319e-09 
225.093 1.10653 -0.0369587 0.000516189 -2.79655e-06 4.94347e-09 
225.914 0.948323 -0.0330617 0.000476024 -2.61945e-06 4.66747e-09 
224.433 0.980421 -0.0337728 0.000481536 -2.63672e-06 4.68681e-09 
222.191 1.03326 -0.0348439 0.000490766 -2.67315e-06 4.74201e-09 
221.227 1.0192 -0.0340745 0.000479943 -2.61924e-06 4.65478e-09 
220.1 0.978923 -0.0327891 0.000464784 -2.54636e-06 4.5347e-09 
219.098 0.908345 -0.0306018 0.000440945 -2.43976e-06 4.36861e-09 
217.898 0.909034 -0.0299842 0.000429912 -2.37899e-06 4.26346e-09 
217.743 0.851226 -0.0293171 0.000428877 -2.39155e-06 4.30257e-09 
217.417 0.784064 -0.0275708 0.000410765 -2.31336e-06 4.1854e-09 
216.096 0.785081 -0.027073 0.000400505 -2.25165e-06 4.07178e-09 
215.25 0.732016 -0.0255517 0.000383245 -2.16999e-06 3.9378e-09 
213.181 0.84576 -0.0282749 0.00040918 -2.27739e-06 4.09989e-09 
212.434 0.858395 -0.0286134 0.000412609 -2.29393e-06 4.13046e-09 
212.656 0.748148 -0.025976 0.000386669 -2.1839e-06 3.96414e-09 
210.956 0.799351 -0.0264408 0.000384477 -2.15307e-06 3.89376e-09 
209.442 0.829406 -0.0267052 0.000383009 -2.1344e-06 3.85316e-09 
209.139 0.79702 -0.0260156 0.000375131 -2.09619e-06 3.79085e-09 
209.966 0.684101 -0.0235712 0.000350472 -1.98462e-06 3.60996e-09 
208.504 0.685693 -0.0230667 0.000340279 -1.92353e-06 3.49704e-09 
207.641 0.691208 -0.023124 0.000339029 -1.91119e-06 3.47077e-09 
207.861 0.622263 -0.022117 0.0003321 -1.88756e-06 3.43973e-09 
206.121 0.673298 -0.0232961 0.000341123 -1.91478e-06 3.46838e-09 
205.602 0.606617 -0.0214494 0.000321121 -1.82332e-06 3.32141e-09 
205.617 0.511722 -0.0189621 0.00029458 -1.70324e-06 3.1305e-09 
206.221 0.426839 -0.0175876 0.000283974 -1.66333e-06 3.07367e-09 
205.817 0.423653 -0.017849 0.000287418 -1.67842e-06 3.09691e-09 
206.094 0.348887 -0.0162998 0.000273224 -1.62103e-06 3.01413e-09 
204.995 0.348201 -0.0156321 0.000262044 -1.56079e-06 2.91037e-09 
204.526 0.307719 -0.0143985 0.000247714 -1.49333e-06 2.80122e-09 
204.06 0.28519 -0.0139066 0.00024198 -1.46431e-06 2.7514e-09 
204.352 0.205352 -0.0120909 0.000223164 -1.37876e-06 2.61387e-09 
203.15 0.18966 -0.0112816 0.000213087 -1.33121e-06 2.53814e-09 
202.054 0.153268 -0.010072 0.000199373 -1.26823e-06 2.43847e-09 
201.211 0.203673 -0.0115541 0.000214264 -1.32997e-06 2.53001e-09 
200.654 0.209857 -0.0115919 0.000211906 -1.30948e-06 2.48684e-09 
199.384 0.234228 -0.012197 0.000217578 -1.33141e-06 2.51771e-09 
198.761 0.24938 -0.0122791 0.000214375 -1.3034e-06 2.45849e-09 
197.971 0.273478 -0.0126248 0.000215521 -1.30167e-06 2.44997e-09 
197.195 0.307838 -0.0134581 0.000222064 -1.32225e-06 2.4728e-09 
